/*--------------------------------*- C++ -*----------------------------------*\
  =========                 |
  \\      /  F ield         | OpenFOAM: The Open Source CFD Toolbox
   \\    /   O peration     | Website:  https://openfoam.org
    \\  /    A nd           | Version:  8.x.2
     \\/     M anipulation  |
\*---------------------------------------------------------------------------*/
FoamFile
{
    version     2.0;
    format      ascii;
    class       faceList;
    location    "constant/polyMesh";
    object      faces;
}
// * * * * * * * * * * * * * * * * * * * * * * * * * * * * * * * * * * * * * //


506
(
4(1 103 307 205)
4(2 104 308 206)
4(3 105 309 207)
4(4 106 310 208)
4(5 107 311 209)
4(6 108 312 210)
4(7 109 313 211)
4(8 110 314 212)
4(9 111 315 213)
4(10 112 316 214)
4(11 113 317 215)
4(12 114 318 216)
4(13 115 319 217)
4(14 116 320 218)
4(15 117 321 219)
4(16 118 322 220)
4(17 119 323 221)
4(18 120 324 222)
4(19 121 325 223)
4(20 122 326 224)
4(21 123 327 225)
4(22 124 328 226)
4(23 125 329 227)
4(24 126 330 228)
4(25 127 331 229)
4(26 128 332 230)
4(27 129 333 231)
4(28 130 334 232)
4(29 131 335 233)
4(30 132 336 234)
4(31 133 337 235)
4(32 134 338 236)
4(33 135 339 237)
4(34 136 340 238)
4(35 137 341 239)
4(36 138 342 240)
4(37 139 343 241)
4(38 140 344 242)
4(39 141 345 243)
4(40 142 346 244)
4(41 143 347 245)
4(42 144 348 246)
4(43 145 349 247)
4(44 146 350 248)
4(45 147 351 249)
4(46 148 352 250)
4(47 149 353 251)
4(48 150 354 252)
4(49 151 355 253)
4(50 152 356 254)
4(51 153 357 255)
4(52 154 358 256)
4(53 155 359 257)
4(54 156 360 258)
4(55 157 361 259)
4(56 158 362 260)
4(57 159 363 261)
4(58 160 364 262)
4(59 161 365 263)
4(60 162 366 264)
4(61 163 367 265)
4(62 164 368 266)
4(63 165 369 267)
4(64 166 370 268)
4(65 167 371 269)
4(66 168 372 270)
4(67 169 373 271)
4(68 170 374 272)
4(69 171 375 273)
4(70 172 376 274)
4(71 173 377 275)
4(72 174 378 276)
4(73 175 379 277)
4(74 176 380 278)
4(75 177 381 279)
4(76 178 382 280)
4(77 179 383 281)
4(78 180 384 282)
4(79 181 385 283)
4(80 182 386 284)
4(81 183 387 285)
4(82 184 388 286)
4(83 185 389 287)
4(84 186 390 288)
4(85 187 391 289)
4(86 188 392 290)
4(87 189 393 291)
4(88 190 394 292)
4(89 191 395 293)
4(90 192 396 294)
4(91 193 397 295)
4(92 194 398 296)
4(93 195 399 297)
4(94 196 400 298)
4(95 197 401 299)
4(96 198 402 300)
4(97 199 403 301)
4(98 200 404 302)
4(99 201 405 303)
4(100 202 406 304)
4(102 306 307 103)
4(103 307 308 104)
4(104 308 309 105)
4(105 309 310 106)
4(106 310 311 107)
4(107 311 312 108)
4(108 312 313 109)
4(109 313 314 110)
4(110 314 315 111)
4(111 315 316 112)
4(112 316 317 113)
4(113 317 318 114)
4(114 318 319 115)
4(115 319 320 116)
4(116 320 321 117)
4(117 321 322 118)
4(118 322 323 119)
4(119 323 324 120)
4(120 324 325 121)
4(121 325 326 122)
4(122 326 327 123)
4(123 327 328 124)
4(124 328 329 125)
4(125 329 330 126)
4(126 330 331 127)
4(127 331 332 128)
4(128 332 333 129)
4(129 333 334 130)
4(130 334 335 131)
4(131 335 336 132)
4(132 336 337 133)
4(133 337 338 134)
4(134 338 339 135)
4(135 339 340 136)
4(136 340 341 137)
4(137 341 342 138)
4(138 342 343 139)
4(139 343 344 140)
4(140 344 345 141)
4(141 345 346 142)
4(142 346 347 143)
4(143 347 348 144)
4(144 348 349 145)
4(145 349 350 146)
4(146 350 351 147)
4(147 351 352 148)
4(148 352 353 149)
4(149 353 354 150)
4(150 354 355 151)
4(151 355 356 152)
4(152 356 357 153)
4(153 357 358 154)
4(154 358 359 155)
4(155 359 360 156)
4(156 360 361 157)
4(157 361 362 158)
4(158 362 363 159)
4(159 363 364 160)
4(160 364 365 161)
4(161 365 366 162)
4(162 366 367 163)
4(163 367 368 164)
4(164 368 369 165)
4(165 369 370 166)
4(166 370 371 167)
4(167 371 372 168)
4(168 372 373 169)
4(169 373 374 170)
4(170 374 375 171)
4(171 375 376 172)
4(172 376 377 173)
4(173 377 378 174)
4(174 378 379 175)
4(175 379 380 176)
4(176 380 381 177)
4(177 381 382 178)
4(178 382 383 179)
4(179 383 384 180)
4(180 384 385 181)
4(181 385 386 182)
4(182 386 387 183)
4(183 387 388 184)
4(184 388 389 185)
4(185 389 390 186)
4(186 390 391 187)
4(187 391 392 188)
4(188 392 393 189)
4(189 393 394 190)
4(190 394 395 191)
4(191 395 396 192)
4(192 396 397 193)
4(193 397 398 194)
4(194 398 399 195)
4(195 399 400 196)
4(196 400 401 197)
4(197 401 402 198)
4(198 402 403 199)
4(199 403 404 200)
4(200 404 405 201)
4(201 405 406 202)
4(202 406 407 203)
4(0 1 205 204)
4(1 2 206 205)
4(2 3 207 206)
4(3 4 208 207)
4(4 5 209 208)
4(5 6 210 209)
4(6 7 211 210)
4(7 8 212 211)
4(8 9 213 212)
4(9 10 214 213)
4(10 11 215 214)
4(11 12 216 215)
4(12 13 217 216)
4(13 14 218 217)
4(14 15 219 218)
4(15 16 220 219)
4(16 17 221 220)
4(17 18 222 221)
4(18 19 223 222)
4(19 20 224 223)
4(20 21 225 224)
4(21 22 226 225)
4(22 23 227 226)
4(23 24 228 227)
4(24 25 229 228)
4(25 26 230 229)
4(26 27 231 230)
4(27 28 232 231)
4(28 29 233 232)
4(29 30 234 233)
4(30 31 235 234)
4(31 32 236 235)
4(32 33 237 236)
4(33 34 238 237)
4(34 35 239 238)
4(35 36 240 239)
4(36 37 241 240)
4(37 38 242 241)
4(38 39 243 242)
4(39 40 244 243)
4(40 41 245 244)
4(41 42 246 245)
4(42 43 247 246)
4(43 44 248 247)
4(44 45 249 248)
4(45 46 250 249)
4(46 47 251 250)
4(47 48 252 251)
4(48 49 253 252)
4(49 50 254 253)
4(50 51 255 254)
4(51 52 256 255)
4(52 53 257 256)
4(53 54 258 257)
4(54 55 259 258)
4(55 56 260 259)
4(56 57 261 260)
4(57 58 262 261)
4(58 59 263 262)
4(59 60 264 263)
4(60 61 265 264)
4(61 62 266 265)
4(62 63 267 266)
4(63 64 268 267)
4(64 65 269 268)
4(65 66 270 269)
4(66 67 271 270)
4(67 68 272 271)
4(68 69 273 272)
4(69 70 274 273)
4(70 71 275 274)
4(71 72 276 275)
4(72 73 277 276)
4(73 74 278 277)
4(74 75 279 278)
4(75 76 280 279)
4(76 77 281 280)
4(77 78 282 281)
4(78 79 283 282)
4(79 80 284 283)
4(80 81 285 284)
4(81 82 286 285)
4(82 83 287 286)
4(83 84 288 287)
4(84 85 289 288)
4(85 86 290 289)
4(86 87 291 290)
4(87 88 292 291)
4(88 89 293 292)
4(89 90 294 293)
4(90 91 295 294)
4(91 92 296 295)
4(92 93 297 296)
4(93 94 298 297)
4(94 95 299 298)
4(95 96 300 299)
4(96 97 301 300)
4(97 98 302 301)
4(98 99 303 302)
4(99 100 304 303)
4(100 101 305 304)
4(0 204 306 102)
4(101 203 407 305)
4(0 102 103 1)
4(1 103 104 2)
4(2 104 105 3)
4(3 105 106 4)
4(4 106 107 5)
4(5 107 108 6)
4(6 108 109 7)
4(7 109 110 8)
4(8 110 111 9)
4(9 111 112 10)
4(10 112 113 11)
4(11 113 114 12)
4(12 114 115 13)
4(13 115 116 14)
4(14 116 117 15)
4(15 117 118 16)
4(16 118 119 17)
4(17 119 120 18)
4(18 120 121 19)
4(19 121 122 20)
4(20 122 123 21)
4(21 123 124 22)
4(22 124 125 23)
4(23 125 126 24)
4(24 126 127 25)
4(25 127 128 26)
4(26 128 129 27)
4(27 129 130 28)
4(28 130 131 29)
4(29 131 132 30)
4(30 132 133 31)
4(31 133 134 32)
4(32 134 135 33)
4(33 135 136 34)
4(34 136 137 35)
4(35 137 138 36)
4(36 138 139 37)
4(37 139 140 38)
4(38 140 141 39)
4(39 141 142 40)
4(40 142 143 41)
4(41 143 144 42)
4(42 144 145 43)
4(43 145 146 44)
4(44 146 147 45)
4(45 147 148 46)
4(46 148 149 47)
4(47 149 150 48)
4(48 150 151 49)
4(49 151 152 50)
4(50 152 153 51)
4(51 153 154 52)
4(52 154 155 53)
4(53 155 156 54)
4(54 156 157 55)
4(55 157 158 56)
4(56 158 159 57)
4(57 159 160 58)
4(58 160 161 59)
4(59 161 162 60)
4(60 162 163 61)
4(61 163 164 62)
4(62 164 165 63)
4(63 165 166 64)
4(64 166 167 65)
4(65 167 168 66)
4(66 168 169 67)
4(67 169 170 68)
4(68 170 171 69)
4(69 171 172 70)
4(70 172 173 71)
4(71 173 174 72)
4(72 174 175 73)
4(73 175 176 74)
4(74 176 177 75)
4(75 177 178 76)
4(76 178 179 77)
4(77 179 180 78)
4(78 180 181 79)
4(79 181 182 80)
4(80 182 183 81)
4(81 183 184 82)
4(82 184 185 83)
4(83 185 186 84)
4(84 186 187 85)
4(85 187 188 86)
4(86 188 189 87)
4(87 189 190 88)
4(88 190 191 89)
4(89 191 192 90)
4(90 192 193 91)
4(91 193 194 92)
4(92 194 195 93)
4(93 195 196 94)
4(94 196 197 95)
4(95 197 198 96)
4(96 198 199 97)
4(97 199 200 98)
4(98 200 201 99)
4(99 201 202 100)
4(100 202 203 101)
4(204 205 307 306)
4(205 206 308 307)
4(206 207 309 308)
4(207 208 310 309)
4(208 209 311 310)
4(209 210 312 311)
4(210 211 313 312)
4(211 212 314 313)
4(212 213 315 314)
4(213 214 316 315)
4(214 215 317 316)
4(215 216 318 317)
4(216 217 319 318)
4(217 218 320 319)
4(218 219 321 320)
4(219 220 322 321)
4(220 221 323 322)
4(221 222 324 323)
4(222 223 325 324)
4(223 224 326 325)
4(224 225 327 326)
4(225 226 328 327)
4(226 227 329 328)
4(227 228 330 329)
4(228 229 331 330)
4(229 230 332 331)
4(230 231 333 332)
4(231 232 334 333)
4(232 233 335 334)
4(233 234 336 335)
4(234 235 337 336)
4(235 236 338 337)
4(236 237 339 338)
4(237 238 340 339)
4(238 239 341 340)
4(239 240 342 341)
4(240 241 343 342)
4(241 242 344 343)
4(242 243 345 344)
4(243 244 346 345)
4(244 245 347 346)
4(245 246 348 347)
4(246 247 349 348)
4(247 248 350 349)
4(248 249 351 350)
4(249 250 352 351)
4(250 251 353 352)
4(251 252 354 353)
4(252 253 355 354)
4(253 254 356 355)
4(254 255 357 356)
4(255 256 358 357)
4(256 257 359 358)
4(257 258 360 359)
4(258 259 361 360)
4(259 260 362 361)
4(260 261 363 362)
4(261 262 364 363)
4(262 263 365 364)
4(263 264 366 365)
4(264 265 367 366)
4(265 266 368 367)
4(266 267 369 368)
4(267 268 370 369)
4(268 269 371 370)
4(269 270 372 371)
4(270 271 373 372)
4(271 272 374 373)
4(272 273 375 374)
4(273 274 376 375)
4(274 275 377 376)
4(275 276 378 377)
4(276 277 379 378)
4(277 278 380 379)
4(278 279 381 380)
4(279 280 382 381)
4(280 281 383 382)
4(281 282 384 383)
4(282 283 385 384)
4(283 284 386 385)
4(284 285 387 386)
4(285 286 388 387)
4(286 287 389 388)
4(287 288 390 389)
4(288 289 391 390)
4(289 290 392 391)
4(290 291 393 392)
4(291 292 394 393)
4(292 293 395 394)
4(293 294 396 395)
4(294 295 397 396)
4(295 296 398 397)
4(296 297 399 398)
4(297 298 400 399)
4(298 299 401 400)
4(299 300 402 401)
4(300 301 403 402)
4(301 302 404 403)
4(302 303 405 404)
4(303 304 406 405)
4(304 305 407 406)
)


// ************************************************************************* //
