/*--------------------------------*- C++ -*----------------------------------*\
  =========                 |
  \\      /  F ield         | OpenFOAM: The Open Source CFD Toolbox
   \\    /   O peration     | Website:  https://openfoam.org
    \\  /    A nd           | Version:  8.x.2
     \\/     M anipulation  |
\*---------------------------------------------------------------------------*/
FoamFile
{
    version     2.0;
    format      ascii;
    class       vectorField;
    location    "constant/polyMesh";
    object      points;
}
// * * * * * * * * * * * * * * * * * * * * * * * * * * * * * * * * * * * * * //


408
(
(-0.05005 0 0)
(-0.04905891089 0 0)
(-0.04806782178 0 0)
(-0.04707673267 0 0)
(-0.04608564356 0 0)
(-0.04509455446 0 0)
(-0.04410346535 0 0)
(-0.04311237624 0 0)
(-0.04212128713 0 0)
(-0.04113019802 0 0)
(-0.04013910891 0 0)
(-0.0391480198 0 0)
(-0.03815693069 0 0)
(-0.03716584158 0 0)
(-0.03617475248 0 0)
(-0.03518366337 0 0)
(-0.03419257426 0 0)
(-0.03320148515 0 0)
(-0.03221039604 0 0)
(-0.03121930693 0 0)
(-0.03022821782 0 0)
(-0.02923712871 0 0)
(-0.0282460396 0 0)
(-0.0272549505 0 0)
(-0.02626386139 0 0)
(-0.02527277228 0 0)
(-0.02428168317 0 0)
(-0.02329059406 0 0)
(-0.02229950495 0 0)
(-0.02130841584 0 0)
(-0.02031732673 0 0)
(-0.01932623762 0 0)
(-0.01833514851 0 0)
(-0.01734405941 0 0)
(-0.0163529703 0 0)
(-0.01536188119 0 0)
(-0.01437079208 0 0)
(-0.01337970297 0 0)
(-0.01238861386 0 0)
(-0.01139752475 0 0)
(-0.01040643564 0 0)
(-0.009415346535 0 0)
(-0.008424257426 0 0)
(-0.007433168317 0 0)
(-0.006442079208 0 0)
(-0.005450990099 0 0)
(-0.00445990099 0 0)
(-0.003468811881 0 0)
(-0.002477722772 0 0)
(-0.001486633663 0 0)
(-0.0004955445545 0 0)
(0.0004955445545 0 0)
(0.001486633663 0 0)
(0.002477722772 0 0)
(0.003468811881 0 0)
(0.00445990099 0 0)
(0.005450990099 0 0)
(0.006442079208 0 0)
(0.007433168317 0 0)
(0.008424257426 0 0)
(0.009415346535 0 0)
(0.01040643564 0 0)
(0.01139752475 0 0)
(0.01238861386 0 0)
(0.01337970297 0 0)
(0.01437079208 0 0)
(0.01536188119 0 0)
(0.0163529703 0 0)
(0.01734405941 0 0)
(0.01833514851 0 0)
(0.01932623762 0 0)
(0.02031732673 0 0)
(0.02130841584 0 0)
(0.02229950495 0 0)
(0.02329059406 0 0)
(0.02428168317 0 0)
(0.02527277228 0 0)
(0.02626386139 0 0)
(0.0272549505 0 0)
(0.0282460396 0 0)
(0.02923712871 0 0)
(0.03022821782 0 0)
(0.03121930693 0 0)
(0.03221039604 0 0)
(0.03320148515 0 0)
(0.03419257426 0 0)
(0.03518366337 0 0)
(0.03617475248 0 0)
(0.03716584158 0 0)
(0.03815693069 0 0)
(0.0391480198 0 0)
(0.04013910891 0 0)
(0.04113019802 0 0)
(0.04212128713 0 0)
(0.04311237624 0 0)
(0.04410346535 0 0)
(0.04509455446 0 0)
(0.04608564356 0 0)
(0.04707673267 0 0)
(0.04806782178 0 0)
(0.04905891089 0 0)
(0.05005 0 0)
(-0.05005 0.001 0)
(-0.04905891089 0.001 0)
(-0.04806782178 0.001 0)
(-0.04707673267 0.001 0)
(-0.04608564356 0.001 0)
(-0.04509455446 0.001 0)
(-0.04410346535 0.001 0)
(-0.04311237624 0.001 0)
(-0.04212128713 0.001 0)
(-0.04113019802 0.001 0)
(-0.04013910891 0.001 0)
(-0.0391480198 0.001 0)
(-0.03815693069 0.001 0)
(-0.03716584158 0.001 0)
(-0.03617475248 0.001 0)
(-0.03518366337 0.001 0)
(-0.03419257426 0.001 0)
(-0.03320148515 0.001 0)
(-0.03221039604 0.001 0)
(-0.03121930693 0.001 0)
(-0.03022821782 0.001 0)
(-0.02923712871 0.001 0)
(-0.0282460396 0.001 0)
(-0.0272549505 0.001 0)
(-0.02626386139 0.001 0)
(-0.02527277228 0.001 0)
(-0.02428168317 0.001 0)
(-0.02329059406 0.001 0)
(-0.02229950495 0.001 0)
(-0.02130841584 0.001 0)
(-0.02031732673 0.001 0)
(-0.01932623762 0.001 0)
(-0.01833514851 0.001 0)
(-0.01734405941 0.001 0)
(-0.0163529703 0.001 0)
(-0.01536188119 0.001 0)
(-0.01437079208 0.001 0)
(-0.01337970297 0.001 0)
(-0.01238861386 0.001 0)
(-0.01139752475 0.001 0)
(-0.01040643564 0.001 0)
(-0.009415346535 0.001 0)
(-0.008424257426 0.001 0)
(-0.007433168317 0.001 0)
(-0.006442079208 0.001 0)
(-0.005450990099 0.001 0)
(-0.00445990099 0.001 0)
(-0.003468811881 0.001 0)
(-0.002477722772 0.001 0)
(-0.001486633663 0.001 0)
(-0.0004955445545 0.001 0)
(0.0004955445545 0.001 0)
(0.001486633663 0.001 0)
(0.002477722772 0.001 0)
(0.003468811881 0.001 0)
(0.00445990099 0.001 0)
(0.005450990099 0.001 0)
(0.006442079208 0.001 0)
(0.007433168317 0.001 0)
(0.008424257426 0.001 0)
(0.009415346535 0.001 0)
(0.01040643564 0.001 0)
(0.01139752475 0.001 0)
(0.01238861386 0.001 0)
(0.01337970297 0.001 0)
(0.01437079208 0.001 0)
(0.01536188119 0.001 0)
(0.0163529703 0.001 0)
(0.01734405941 0.001 0)
(0.01833514851 0.001 0)
(0.01932623762 0.001 0)
(0.02031732673 0.001 0)
(0.02130841584 0.001 0)
(0.02229950495 0.001 0)
(0.02329059406 0.001 0)
(0.02428168317 0.001 0)
(0.02527277228 0.001 0)
(0.02626386139 0.001 0)
(0.0272549505 0.001 0)
(0.0282460396 0.001 0)
(0.02923712871 0.001 0)
(0.03022821782 0.001 0)
(0.03121930693 0.001 0)
(0.03221039604 0.001 0)
(0.03320148515 0.001 0)
(0.03419257426 0.001 0)
(0.03518366337 0.001 0)
(0.03617475248 0.001 0)
(0.03716584158 0.001 0)
(0.03815693069 0.001 0)
(0.0391480198 0.001 0)
(0.04013910891 0.001 0)
(0.04113019802 0.001 0)
(0.04212128713 0.001 0)
(0.04311237624 0.001 0)
(0.04410346535 0.001 0)
(0.04509455446 0.001 0)
(0.04608564356 0.001 0)
(0.04707673267 0.001 0)
(0.04806782178 0.001 0)
(0.04905891089 0.001 0)
(0.05005 0.001 0)
(-0.05005 0 0.001)
(-0.04905891089 0 0.001)
(-0.04806782178 0 0.001)
(-0.04707673267 0 0.001)
(-0.04608564356 0 0.001)
(-0.04509455446 0 0.001)
(-0.04410346535 0 0.001)
(-0.04311237624 0 0.001)
(-0.04212128713 0 0.001)
(-0.04113019802 0 0.001)
(-0.04013910891 0 0.001)
(-0.0391480198 0 0.001)
(-0.03815693069 0 0.001)
(-0.03716584158 0 0.001)
(-0.03617475248 0 0.001)
(-0.03518366337 0 0.001)
(-0.03419257426 0 0.001)
(-0.03320148515 0 0.001)
(-0.03221039604 0 0.001)
(-0.03121930693 0 0.001)
(-0.03022821782 0 0.001)
(-0.02923712871 0 0.001)
(-0.0282460396 0 0.001)
(-0.0272549505 0 0.001)
(-0.02626386139 0 0.001)
(-0.02527277228 0 0.001)
(-0.02428168317 0 0.001)
(-0.02329059406 0 0.001)
(-0.02229950495 0 0.001)
(-0.02130841584 0 0.001)
(-0.02031732673 0 0.001)
(-0.01932623762 0 0.001)
(-0.01833514851 0 0.001)
(-0.01734405941 0 0.001)
(-0.0163529703 0 0.001)
(-0.01536188119 0 0.001)
(-0.01437079208 0 0.001)
(-0.01337970297 0 0.001)
(-0.01238861386 0 0.001)
(-0.01139752475 0 0.001)
(-0.01040643564 0 0.001)
(-0.009415346535 0 0.001)
(-0.008424257426 0 0.001)
(-0.007433168317 0 0.001)
(-0.006442079208 0 0.001)
(-0.005450990099 0 0.001)
(-0.00445990099 0 0.001)
(-0.003468811881 0 0.001)
(-0.002477722772 0 0.001)
(-0.001486633663 0 0.001)
(-0.0004955445545 0 0.001)
(0.0004955445545 0 0.001)
(0.001486633663 0 0.001)
(0.002477722772 0 0.001)
(0.003468811881 0 0.001)
(0.00445990099 0 0.001)
(0.005450990099 0 0.001)
(0.006442079208 0 0.001)
(0.007433168317 0 0.001)
(0.008424257426 0 0.001)
(0.009415346535 0 0.001)
(0.01040643564 0 0.001)
(0.01139752475 0 0.001)
(0.01238861386 0 0.001)
(0.01337970297 0 0.001)
(0.01437079208 0 0.001)
(0.01536188119 0 0.001)
(0.0163529703 0 0.001)
(0.01734405941 0 0.001)
(0.01833514851 0 0.001)
(0.01932623762 0 0.001)
(0.02031732673 0 0.001)
(0.02130841584 0 0.001)
(0.02229950495 0 0.001)
(0.02329059406 0 0.001)
(0.02428168317 0 0.001)
(0.02527277228 0 0.001)
(0.02626386139 0 0.001)
(0.0272549505 0 0.001)
(0.0282460396 0 0.001)
(0.02923712871 0 0.001)
(0.03022821782 0 0.001)
(0.03121930693 0 0.001)
(0.03221039604 0 0.001)
(0.03320148515 0 0.001)
(0.03419257426 0 0.001)
(0.03518366337 0 0.001)
(0.03617475248 0 0.001)
(0.03716584158 0 0.001)
(0.03815693069 0 0.001)
(0.0391480198 0 0.001)
(0.04013910891 0 0.001)
(0.04113019802 0 0.001)
(0.04212128713 0 0.001)
(0.04311237624 0 0.001)
(0.04410346535 0 0.001)
(0.04509455446 0 0.001)
(0.04608564356 0 0.001)
(0.04707673267 0 0.001)
(0.04806782178 0 0.001)
(0.04905891089 0 0.001)
(0.05005 0 0.001)
(-0.05005 0.001 0.001)
(-0.04905891089 0.001 0.001)
(-0.04806782178 0.001 0.001)
(-0.04707673267 0.001 0.001)
(-0.04608564356 0.001 0.001)
(-0.04509455446 0.001 0.001)
(-0.04410346535 0.001 0.001)
(-0.04311237624 0.001 0.001)
(-0.04212128713 0.001 0.001)
(-0.04113019802 0.001 0.001)
(-0.04013910891 0.001 0.001)
(-0.0391480198 0.001 0.001)
(-0.03815693069 0.001 0.001)
(-0.03716584158 0.001 0.001)
(-0.03617475248 0.001 0.001)
(-0.03518366337 0.001 0.001)
(-0.03419257426 0.001 0.001)
(-0.03320148515 0.001 0.001)
(-0.03221039604 0.001 0.001)
(-0.03121930693 0.001 0.001)
(-0.03022821782 0.001 0.001)
(-0.02923712871 0.001 0.001)
(-0.0282460396 0.001 0.001)
(-0.0272549505 0.001 0.001)
(-0.02626386139 0.001 0.001)
(-0.02527277228 0.001 0.001)
(-0.02428168317 0.001 0.001)
(-0.02329059406 0.001 0.001)
(-0.02229950495 0.001 0.001)
(-0.02130841584 0.001 0.001)
(-0.02031732673 0.001 0.001)
(-0.01932623762 0.001 0.001)
(-0.01833514851 0.001 0.001)
(-0.01734405941 0.001 0.001)
(-0.0163529703 0.001 0.001)
(-0.01536188119 0.001 0.001)
(-0.01437079208 0.001 0.001)
(-0.01337970297 0.001 0.001)
(-0.01238861386 0.001 0.001)
(-0.01139752475 0.001 0.001)
(-0.01040643564 0.001 0.001)
(-0.009415346535 0.001 0.001)
(-0.008424257426 0.001 0.001)
(-0.007433168317 0.001 0.001)
(-0.006442079208 0.001 0.001)
(-0.005450990099 0.001 0.001)
(-0.00445990099 0.001 0.001)
(-0.003468811881 0.001 0.001)
(-0.002477722772 0.001 0.001)
(-0.001486633663 0.001 0.001)
(-0.0004955445545 0.001 0.001)
(0.0004955445545 0.001 0.001)
(0.001486633663 0.001 0.001)
(0.002477722772 0.001 0.001)
(0.003468811881 0.001 0.001)
(0.00445990099 0.001 0.001)
(0.005450990099 0.001 0.001)
(0.006442079208 0.001 0.001)
(0.007433168317 0.001 0.001)
(0.008424257426 0.001 0.001)
(0.009415346535 0.001 0.001)
(0.01040643564 0.001 0.001)
(0.01139752475 0.001 0.001)
(0.01238861386 0.001 0.001)
(0.01337970297 0.001 0.001)
(0.01437079208 0.001 0.001)
(0.01536188119 0.001 0.001)
(0.0163529703 0.001 0.001)
(0.01734405941 0.001 0.001)
(0.01833514851 0.001 0.001)
(0.01932623762 0.001 0.001)
(0.02031732673 0.001 0.001)
(0.02130841584 0.001 0.001)
(0.02229950495 0.001 0.001)
(0.02329059406 0.001 0.001)
(0.02428168317 0.001 0.001)
(0.02527277228 0.001 0.001)
(0.02626386139 0.001 0.001)
(0.0272549505 0.001 0.001)
(0.0282460396 0.001 0.001)
(0.02923712871 0.001 0.001)
(0.03022821782 0.001 0.001)
(0.03121930693 0.001 0.001)
(0.03221039604 0.001 0.001)
(0.03320148515 0.001 0.001)
(0.03419257426 0.001 0.001)
(0.03518366337 0.001 0.001)
(0.03617475248 0.001 0.001)
(0.03716584158 0.001 0.001)
(0.03815693069 0.001 0.001)
(0.0391480198 0.001 0.001)
(0.04013910891 0.001 0.001)
(0.04113019802 0.001 0.001)
(0.04212128713 0.001 0.001)
(0.04311237624 0.001 0.001)
(0.04410346535 0.001 0.001)
(0.04509455446 0.001 0.001)
(0.04608564356 0.001 0.001)
(0.04707673267 0.001 0.001)
(0.04806782178 0.001 0.001)
(0.04905891089 0.001 0.001)
(0.05005 0.001 0.001)
)


// ************************************************************************* //
